296,214
296,213
295,256
295,255
295,214
295,213
295,126
295,96
295,50
295,5
295,4
294,256
294,255
294,254
294,214
294,213
294,212
294,126
294,125
294,97
294,96
294,95
294,77
294,76
294,51
294,50
294,49
294,5
294,4
293,298
293,297
293,296
293,282
293,281
293,256
293,255
293,254
293,253
293,233
293,232
293,214
293,213
293,212
293,211
293,181
293,180
293,127
293,126
293,125
293,97
293,96
293,95
293,94
293,77
293,76
293,75
293,51
293,50
293,49
293,6
293,5
292,298
292,297
292,296
292,282
292,281
292,280
292,256
292,255
292,254
292,253
292,233
292,232
292,231
292,214
292,213
292,212
292,211
292,181
292,180
292,127
292,126
292,125
292,124
292,98
292,97
292,95
292,94
292,93
292,78
292,77
292,76
292,75
292,74
292,51
292,50
292,49
292,48
292,6
292,5
291,298
291,297
291,296
291,295
291,282
291,281
291,280
291,279
291,257
291,256
291,253
291,252
291,234
291,233
291,232
291,231
291,230
291,214
291,213
291,212
291,211
291,210
291,181
291,180
291,179
291,153
291,152
291,127
291,126
291,125
291,124
291,99
291,98
291,97
291,94
291,93
291,78
291,77
291,75
291,74
291,73
291,52
291,51
291,50
291,49
291,48
291,26
291,25
291,6
291,5
290,298
290,297
290,296
290,295
290,282
290,281
290,280
290,279
290,278
290,277
290,257
290,256
290,253
290,252
290,251
290,234
290,233
290,231
290,230
290,214
290,213
290,211
290,210
290,181
290,180
290,179
290,153
290,152
290,151
290,128
290,127
290,126
290,125
290,124
290,99
290,98
290,94
290,93
290,92
290,78
290,77
290,74
290,73
290,52
290,51
290,48
290,47
290,27
290,26
290,25
290,24
290,6
290,5
289,298
289,297
289,296
289,295
289,294
289,282
289,281
289,278
289,277
289,276
289,257
289,256
289,252
289,251
289,250
289,235
289,234
289,233
289,231
289,230
289,229
289,214
289,213
289,210
289,209
289,181
289,180
289,179
289,178
289,153
289,152
289,151
289,128
289,127
289,124
289,123
289,100
289,99
289,98
289,93
289,92
289,78
289,77
289,74
289,73
289,72
289,52
289,51
289,48
289,47
289,46
289,27
289,26
289,25
289,24
289,6
289,5
288,298
288,297
288,295
288,294
288,282
288,281
288,277
288,276
288,257
288,256
288,251
288,250
288,249
288,235
288,234
288,230
288,229
288,214
288,213
288,210
288,209
288,181
288,180
288,179
288,178
288,153
288,152
288,151
288,150
288,128
288,127
288,124
288,123
288,101
288,100
288,99
288,92
288,91
288,79
288,78
288,73
288,72
288,71
288,52
288,51
288,47
288,46
288,28
288,27
288,26
288,24
288,23
288,6
288,5
287,298
287,297
287,294
287,293
287,282
287,281
287,276
287,275
287,274
287,257
287,256
287,250
287,249
287,248
287,236
287,235
287,234
287,229
287,228
287,214
287,213
287,209
287,208
287,181
287,180
287,179
287,178
287,177
287,154
287,153
287,151
287,150
287,128
287,127
287,123
287,122
287,101
287,100
287,92
287,91
287,90
287,79
287,78
287,72
287,71
287,70
287,53
287,52
287,46
287,45
287,28
287,27
287,23
287,22
287,7
287,6
287,5
286,298
286,297
286,296
286,294
286,293
286,282
286,281
286,275
286,274
286,273
286,257
286,256
286,249
286,248
286,236
286,235
286,229
286,228
286,227
286,214
286,213
286,209
286,208
286,207
286,181
286,180
286,178
286,177
286,154
286,153
286,150
286,149
286,129
286,128
286,123
286,122
286,102
286,101
286,100
286,91
286,90
286,79
286,78
286,71
286,70
286,69
286,53
286,52
286,46
286,45
286,29
286,28
286,23
286,22
286,21
286,7
286,6
285,298
285,297
285,296
285,294
285,293
285,292
285,282
285,281
285,274
285,273
285,272
285,257
285,256
285,248
285,247
285,237
285,236
285,235
285,228
285,227
285,214
285,213
285,208
285,207
285,181
285,180
285,178
285,177
285,154
285,153
285,150
285,149
285,129
285,128
285,122
285,121
285,102
285,101
285,90
285,89
285,80
285,79
285,70
285,69
285,53
285,52
285,45
285,44
285,29
285,28
285,22
285,21
285,7
285,6
284,297
284,296
284,293
284,292
284,282
284,281
284,273
284,272
284,271
284,257
284,256
284,247
284,246
284,237
284,236
284,227
284,226
284,214
284,213
284,207
284,206
284,181
284,180
284,178
284,177
284,176
284,154
284,153
284,150
284,149
284,148
284,129
284,128
284,122
284,121
284,103
284,102
284,90
284,89
284,88
284,80
284,79
284,70
284,69
284,68
284,54
284,53
284,52
284,45
284,44
284,30
284,29
284,21
284,20
284,7
284,6
283,297
283,296
283,293
283,292
283,291
283,282
283,281
283,272
283,271
283,270
283,257
283,256
283,247
283,246
283,245
283,238
283,237
283,236
283,227
283,226
283,225
283,214
283,213
283,207
283,206
283,181
283,180
283,177
283,176
283,155
283,154
283,153
283,149
283,148
283,130
283,129
283,128
283,122
283,121
283,104
283,103
283,102
283,89
283,88
283,80
283,79
283,69
283,68
283,67
283,54
283,53
283,44
283,43
283,30
283,29
283,21
283,20
283,19
283,7
283,6
282,297
282,296
282,292
282,291
282,282
282,281
282,271
282,270
282,269
282,257
282,256
282,246
282,245
282,244
282,238
282,237
282,226
282,225
282,214
282,213
282,206
282,205
282,182
282,181
282,180
282,177
282,176
282,155
282,154
282,149
282,148
282,147
282,130
282,129
282,121
282,120
282,104
282,103
282,89
282,88
282,87
282,81
282,80
282,68
282,67
282,66
282,54
282,53
282,44
282,43
282,42
282,31
282,30
282,29
282,20
282,19
282,18
282,8
282,7
281,297
281,296
281,291
281,290
281,282
281,281
281,270
281,269
281,268
281,257
281,256
281,245
281,244
281,243
281,239
281,238
281,237
281,226
281,225
281,224
281,214
281,213
281,206
281,205
281,204
281,182
281,181
281,180
281,176
281,175
281,155
281,154
281,148
281,147
281,130
281,129
281,121
281,120
281,105
281,104
281,88
281,87
281,86
281,81
281,80
281,67
281,66
281,54
281,53
281,43
281,42
281,31
281,30
281,19
281,18
281,8
281,7
280,297
280,296
280,291
280,290
280,282
280,281
280,269
280,268
280,267
280,257
280,256
280,244
280,243
280,239
280,238
280,225
280,224
280,214
280,213
280,205
280,204
280,182
280,181
280,180
280,176
280,175
280,155
280,154
280,148
280,147
280,146
280,130
280,129
280,120
280,119
280,106
280,105
280,104
280,87
280,86
280,81
280,80
280,66
280,65
280,55
280,54
280,53
280,42
280,41
280,32
280,31
280,30
280,18
280,17
280,8
280,7
279,297
279,296
279,290
279,289
279,282
279,281
279,268
279,267
279,266
279,257
279,256
279,243
279,242
279,239
279,238
279,224
279,223
279,214
279,213
279,205
279,204
279,203
279,182
279,181
279,176
279,175
279,174
279,156
279,155
279,154
279,147
279,146
279,130
279,129
279,120
279,119
279,106
279,105
279,86
279,85
279,82
279,81
279,66
279,65
279,64
279,55
279,54
279,42
279,41
279,32
279,31
279,18
279,17
279,16
279,8
279,7
278,297
278,296
278,290
278,289
278,282
278,281
278,267
278,266
278,265
278,257
278,256
278,243
278,242
278,241
278,240
278,239
278,224
278,223
278,222
278,214
278,213
278,204
278,203
278,182
278,181
278,175
278,174
278,156
278,155
278,147
278,146
278,145
278,131
278,130
278,120
278,119
278,118
278,107
278,106
278,105
278,86
278,85
278,82
278,81
278,65
278,64
278,63
278,55
278,54
278,41
278,40
278,33
278,32
278,31
278,17
278,16
278,8
278,7
277,297
277,296
277,289
277,288
277,282
277,281
277,266
277,265
277,264
277,258
277,257
277,256
277,242
277,241
277,240
277,239
277,223
277,222
277,214
277,213
277,203
277,202
277,182
277,181
277,175
277,174
277,156
277,155
277,146
277,145
277,131
277,130
277,119
277,118
277,107
277,106
277,85
277,84
277,82
277,81
277,64
277,63
277,55
277,54
277,41
277,40
277,39
277,33
277,32
277,16
277,15
277,9
277,8
276,297
276,296
276,289
276,288
276,282
276,281
276,265
276,264
276,263
276,258
276,257
276,241
276,240
276,222
276,221
276,214
276,213
276,203
276,202
276,201
276,182
276,181
276,174
276,173
276,156
276,155
276,146
276,145
276,131
276,130
276,119
276,118
276,117
276,108
276,107
276,85
276,84
276,83
276,82
276,81
276,63
276,62
276,56
276,55
276,54
276,40
276,39
276,34
276,33
276,32
276,16
276,15
276,14
276,9
276,8
275,297
275,296
275,288
275,287
275,282
275,281
275,264
275,263
275,262
275,258
275,257
275,222
275,221
275,220
275,214
275,213
275,202
275,201
275,182
275,181
275,174
275,173
275,157
275,156
275,145
275,144
275,132
275,131
275,130
275,118
275,117
275,109
275,108
275,107
275,84
275,83
275,82
275,63
275,62
275,61
275,56
275,55
275,39
275,38
275,34
275,33
275,15
275,14
275,13
275,9
275,8
274,297
274,296
274,288
274,287
274,286
274,282
274,281
274,263
274,262
274,261
274,258
274,257
274,221
274,220
274,214
274,213
274,202
274,201
274,200
274,182
274,181
274,174
274,173
274,157
274,156
274,145
274,144
274,132
274,131
274,118
274,117
274,110
274,109
274,108
274,83
274,82
274,62
274,61
274,60
274,56
274,55
274,39
274,38
274,35
274,34
274,33
274,14
274,13
274,9
274,8
273,297
273,296
273,287
273,286
273,282
273,281
273,262
273,261
273,260
273,258
273,257
273,221
273,220
273,219
273,214
273,213
273,201
273,200
273,182
273,181
273,173
273,172
273,157
273,156
273,144
273,143
273,132
273,131
273,118
273,117
273,116
273,110
273,109
273,61
273,60
273,56
273,55
273,38
273,37
273,35
273,34
273,14
273,13
273,12
273,10
273,9
273,8
272,297
272,296
272,287
272,286
272,285
272,282
272,281
272,261
272,260
272,259
272,258
272,257
272,220
272,219
272,218
272,214
272,213
272,201
272,200
272,199
272,182
272,181
272,173
272,172
272,157
272,156
272,144
272,143
272,132
272,131
272,117
272,116
272,111
272,110
272,109
272,60
272,59
272,57
272,56
272,38
272,37
272,36
272,35
272,34
272,13
272,12
272,11
272,10
272,9
271,297
271,296
271,286
271,285
271,282
271,281
271,259
271,258
271,257
271,219
271,218
271,214
271,213
271,200
271,199
271,182
271,181
271,173
271,172
271,158
271,157
271,143
271,142
271,133
271,132
271,117
271,116
271,111
271,110
271,59
271,58
271,57
271,56
271,37
271,36
271,35
271,12
271,11
271,10
271,9
270,297
270,296
270,286
270,285
270,284
270,282
270,281
270,258
270,257
270,219
270,218
270,217
270,214
270,213
270,199
270,198
270,182
270,181
270,172
270,171
270,158
270,157
270,143
270,142
270,133
270,132
270,116
270,115
270,112
270,111
270,59
270,58
270,57
270,56
270,37
270,36
270,35
270,11
270,10
270,9
269,297
269,296
269,285
269,284
269,282
269,281
269,218
269,217
269,214
269,213
269,199
269,198
269,197
269,182
269,181
269,172
269,171
269,158
269,157
269,143
269,142
269,141
269,133
269,132
269,116
269,115
269,113
269,112
269,111
269,58
269,57
269,56
269,36
269,11
269,10
269,9
268,297
268,296
268,285
268,284
268,283
268,282
268,281
268,217
268,216
268,214
268,213
268,198
268,197
268,182
268,181
268,171
268,170
268,158
268,157
268,142
268,141
268,134
268,133
268,132
268,115
268,114
268,113
268,112
267,297
267,296
267,284
267,283
267,282
267,281
267,217
267,216
267,215
267,214
267,213
267,198
267,197
267,196
267,182
267,181
267,171
267,170
267,158
267,157
267,142
267,141
267,134
267,133
267,115
267,114
267,113
266,297
266,296
266,283
266,282
266,281
266,216
266,215
266,214
266,213
266,197
266,196
266,182
266,181
266,171
266,170
266,169
266,159
266,158
266,141
266,140
266,134
266,133
266,114
266,113
265,297
265,296
265,283
265,282
265,281
265,215
265,214
265,213
265,197
265,196
265,195
265,182
265,181
265,170
265,169
265,159
265,158
265,141
265,140
265,134
265,133
264,297
264,296
264,282
264,281
264,215
264,214
264,213
264,196
264,195
264,182
264,181
264,170
264,169
264,159
264,158
264,140
264,139
264,134
264,133
263,297
263,296
263,214
263,213
263,195
263,194
263,182
263,181
263,170
263,169
263,168
263,159
263,158
263,140
263,139
263,135
263,134
262,297
262,296
262,195
262,194
262,193
262,182
262,181
262,169
262,168
262,160
262,159
262,139
262,138
262,135
262,134
261,297
261,296
261,194
261,193
261,182
261,181
261,169
261,168
261,160
261,159
261,139
261,138
261,135
261,134
260,296
260,295
260,194
260,193
260,192
260,182
260,181
260,168
260,167
260,160
260,159
260,138
260,137
260,136
260,135
260,134
259,296
259,295
259,193
259,192
259,182
259,181
259,168
259,167
259,161
259,160
259,138
259,137
259,136
259,135
258,296
258,295
258,193
258,192
258,191
258,182
258,181
258,168
258,167
258,166
258,161
258,160
258,138
258,137
258,136
258,135
257,296
257,295
257,192
257,191
257,190
257,182
257,181
257,167
257,166
257,161
257,160
257,137
257,136
257,135
256,296
256,295
256,191
256,190
256,182
256,181
256,167
256,166
256,161
256,160
256,137
256,136
255,296
255,295
255,191
255,190
255,189
255,182
255,181
255,166
255,165
255,162
255,161
255,160
254,296
254,295
254,190
254,189
254,182
254,181
254,166
254,165
254,162
254,161
253,296
253,295
253,190
253,189
253,188
253,182
253,181
253,166
253,165
253,162
253,161
252,296
252,295
252,189
252,188
252,182
252,181
252,165
252,164
252,162
252,161
251,296
251,295
251,188
251,187
251,182
251,181
251,165
251,164
251,162
251,161
250,296
250,295
250,188
250,187
250,186
250,182
250,181
250,165
250,164
250,163
250,162
249,296
249,295
249,187
249,186
249,182
249,181
249,164
249,163
249,162
248,187
248,186
248,185
248,182
248,181
248,164
248,163
248,162
247,186
247,185
247,182
247,181
247,163
247,162
246,186
246,185
246,184
246,182
246,181
245,185
245,184
245,183
245,182
245,181
244,184
244,183
244,182
244,181
243,184
243,183
243,182
242,183
242,182
241,183
241,182
