135,120
135,119
135,118
135,117
134,121
134,120
134,119
134,118
134,117
134,116
134,115
134,114
133,121
133,120
133,119
133,118
133,117
133,116
133,115
133,114
133,113
133,112
133,111
132,120
132,119
132,118
132,117
132,116
132,115
132,114
132,113
132,112
132,111
132,110
131,119
131,118
131,117
131,116
131,115
131,114
131,113
131,112
131,111
131,110
131,109
131,108
130,114
130,113
130,112
130,111
130,110
130,109
130,108
130,107
129,111
129,110
129,109
129,108
129,107
129,106
128,109
128,108
128,107
128,106
128,105
127,108
127,107
127,106
127,105
126,107
126,106
126,105
126,104
125,107
125,106
125,105
125,104
125,103
124,106
124,105
124,104
124,103
123,105
123,104
123,103
123,102
122,105
122,104
122,103
122,102
121,104
121,103
121,102
120,104
120,103
120,102
119,104
119,103
119,102
119,22
119,21
119,20
119,19
119,18
119,17
118,104
118,103
118,102
118,24
118,23
118,22
118,21
118,20
118,19
118,18
118,17
118,16
117,104
117,103
117,102
117,26
117,25
117,24
117,23
117,22
117,21
117,20
117,19
117,18
117,17
117,16
116,104
116,103
116,102
116,27
116,26
116,25
116,24
116,23
116,22
116,21
116,20
116,19
116,18
116,17
115,104
115,103
115,102
115,28
115,27
115,26
115,25
115,24
115,23
115,22
114,104
114,103
114,102
114,30
114,29
114,28
114,27
114,26
114,25
113,104
113,103
113,102
113,31
113,30
113,29
113,28
113,27
113,26
112,104
112,103
112,102
112,31
112,30
112,29
112,28
111,105
111,104
111,103
111,102
111,32
111,31
111,30
111,29
110,105
110,104
110,103
110,102
110,33
110,32
110,31
110,30
109,105
109,104
109,103
109,102
109,33
109,32
109,31
109,30
108,105
108,104
108,103
108,34
108,33
108,32
108,31
107,105
107,104
107,103
107,34
107,33
107,32
106,105
106,104
106,103
106,35
106,34
106,33
106,32
105,105
105,104
105,103
105,35
105,34
105,33
105,32
104,105
104,104
104,103
104,36
104,35
104,34
104,33
103,105
103,104
103,103
103,36
103,35
103,34
103,33
102,105
102,104
102,103
102,36
102,35
102,34
101,105
101,104
101,103
101,37
101,36
101,35
101,34
100,105
100,104
100,103
100,37
100,36
100,35
100,34
99,105
99,104
99,103
99,37
99,36
99,35
98,105
98,104
98,103
98,38
98,37
98,36
98,35
97,105
97,104
97,103
97,38
97,37
97,36
97,35
96,105
96,104
96,103
96,39
96,38
96,37
96,36
95,105
95,104
95,103
95,39
95,38
95,37
95,36
94,105
94,104
94,103
94,39
94,38
94,37
94,36
93,105
93,104
93,103
93,102
93,40
93,39
93,38
93,37
92,105
92,104
92,103
92,102
92,39
92,38
92,37
91,105
91,104
91,103
91,102
91,40
91,39
91,38
91,37
90,105
90,104
90,103
90,102
90,40
90,39
90,38
90,37
89,105
89,104
89,103
89,102
89,40
89,39
89,38
89,37
88,105
88,104
88,103
88,102
88,40
88,39
88,38
88,37
87,105
87,104
87,103
87,102
87,40
87,39
87,38
86,104
86,103
86,102
86,40
86,39
86,38
85,104
85,103
85,102
85,40
85,39
85,38
84,104
84,103
84,102
84,40
84,39
84,38
83,103
83,40
83,39
83,38
82,66
82,65
82,40
82,39
82,38
81,67
81,66
81,65
81,64
81,40
81,39
81,38
80,68
80,67
80,66
80,65
80,64
80,40
80,39
80,38
79,71
79,70
79,67
79,66
79,65
79,64
79,63
79,40
79,39
79,38
78,72
78,71
78,70
78,69
78,67
78,66
78,65
78,64
78,40
78,39
78,38
77,73
77,72
77,71
77,70
77,66
77,65
77,64
77,63
77,40
77,39
77,38
76,77
76,72
76,66
76,65
76,64
76,63
76,40
76,39
76,38
76,37
75,80
75,79
75,78
75,77
75,76
75,66
75,65
75,64
75,63
75,40
75,39
75,38
75,37
74,81
74,80
74,79
74,78
74,77
74,76
74,75
74,74
74,73
74,72
74,71
74,70
74,69
74,68
74,67
74,66
74,65
74,64
74,63
74,40
74,39
74,38
74,37
73,82
73,81
73,80
73,79
73,78
73,77
73,76
73,75
73,74
73,73
73,72
73,71
73,70
73,69
73,68
73,67
73,66
73,65
73,64
73,63
73,40
73,39
73,38
73,37
72,82
72,81
72,80
72,79
72,78
72,77
72,76
72,75
72,74
72,73
72,72
72,71
72,70
72,69
72,68
72,67
72,66
72,65
72,64
72,40
72,39
72,38
72,37
71,81
71,80
71,79
71,78
71,77
71,76
71,75
71,74
71,73
71,72
71,71
71,70
71,69
71,68
71,67
71,66
71,65
71,40
71,39
71,38
71,37
70,81
70,80
70,79
70,78
70,77
70,76
70,75
70,74
70,73
70,72
70,71
70,70
70,69
70,68
70,67
70,40
70,39
70,38
70,37
69,82
69,81
69,80
69,79
69,78
69,77
69,76
69,75
69,74
69,73
69,72
69,71
69,70
69,69
69,68
69,67
69,66
69,65
69,64
69,40
69,39
69,38
69,37
68,82
68,81
68,80
68,79
68,78
68,77
68,76
68,75
68,74
68,73
68,72
68,71
68,70
68,69
68,68
68,67
68,66
68,65
68,64
68,63
68,40
68,39
68,38
68,37
67,81
67,80
67,79
67,78
67,77
67,76
67,75
67,74
67,73
67,72
67,71
67,70
67,69
67,68
67,67
67,66
67,65
67,64
67,63
67,40
67,39
67,38
67,37
66,80
66,79
66,78
66,77
66,76
66,75
66,74
66,67
66,66
66,65
66,64
66,63
66,39
66,38
66,37
65,78
65,77
65,76
65,75
65,74
65,73
65,66
65,65
65,64
65,63
65,39
65,38
65,37
64,77
64,76
64,75
64,74
64,73
64,72
64,66
64,65
64,64
64,63
64,39
64,38
64,37
63,75
63,74
63,73
63,72
63,71
63,70
63,66
63,65
63,64
63,63
63,39
63,38
63,37
62,74
62,73
62,72
62,71
62,70
62,69
62,66
62,65
62,64
62,63
62,39
62,38
62,37
62,36
61,73
61,72
61,71
61,70
61,69
61,68
61,66
61,65
61,64
61,63
61,39
61,38
61,37
61,36
60,72
60,71
60,70
60,69
60,68
60,67
60,66
60,65
60,64
60,63
60,39
60,38
60,37
60,36
59,70
59,69
59,68
59,67
59,66
59,65
59,64
59,63
59,38
59,37
59,36
58,69
58,68
58,67
58,66
58,65
58,64
58,63
58,38
58,37
58,36
57,67
57,66
57,65
57,64
57,63
57,62
57,38
57,37
57,36
56,65
56,64
56,63
56,38
56,37
56,36
55,38
55,37
55,36
55,35
54,38
54,37
54,36
54,35
53,38
53,37
53,36
53,35
52,38
52,37
52,36
52,35
51,38
51,37
51,36
51,35
50,103
50,102
50,101
50,38
50,37
50,36
50,35
49,104
49,103
49,102
49,101
49,100
49,37
49,36
49,35
48,104
48,103
48,102
48,101
48,37
48,36
48,35
48,34
47,104
47,103
47,102
47,101
47,37
47,36
47,35
47,34
46,104
46,103
46,102
46,101
46,36
46,35
46,34
45,104
45,103
45,102
45,101
45,36
45,35
45,34
44,105
44,104
44,103
44,102
44,101
44,36
44,35
44,34
43,105
43,104
43,103
43,102
43,101
43,36
43,35
43,34
42,104
42,103
42,102
42,101
42,36
42,35
42,34
41,104
41,103
41,102
41,101
41,36
41,35
41,34
40,104
40,103
40,102
40,101
40,36
40,35
40,34
39,104
39,103
39,102
39,101
39,36
39,35
39,34
38,104
38,103
38,102
38,101
38,36
38,35
38,34
37,104
37,103
37,102
37,101
37,36
37,35
37,34
36,104
36,103
36,102
36,101
36,36
36,35
36,34
35,104
35,103
35,102
35,101
35,36
35,35
35,34
34,104
34,103
34,102
34,101
34,37
34,36
34,35
34,34
33,104
33,103
33,102
33,101
33,37
33,36
33,35
33,34
32,104
32,103
32,102
32,101
32,37
32,36
32,35
32,34
31,104
31,103
31,102
31,101
31,100
31,37
31,36
31,35
30,104
30,103
30,102
30,101
30,100
30,37
30,36
30,35
29,103
29,102
29,101
29,100
29,37
29,36
29,35
28,103
28,102
28,101
28,100
28,38
28,37
28,36
28,35
27,103
27,102
27,101
27,100
27,99
27,38
27,37
27,36
27,35
26,102
26,101
26,100
26,99
26,98
26,38
26,37
26,36
25,102
25,101
25,100
25,99
25,98
25,38
25,37
25,36
24,101
24,100
24,99
24,98
24,97
24,39
24,38
24,37
24,36
23,101
23,100
23,99
23,98
23,97
23,96
23,39
23,38
23,37
22,100
22,99
22,98
22,97
22,96
22,95
22,40
22,39
22,38
21,99
21,98
21,97
21,96
21,95
21,94
21,41
21,40
21,39
21,38
20,99
20,98
20,97
20,96
20,95
20,94
20,93
20,43
20,42
20,41
20,40
20,39
19,98
19,97
19,96
19,95
19,94
19,93
19,92
19,45
19,44
19,43
19,42
19,41
19,40
18,96
18,95
18,94
18,93
18,92
18,91
18,48
18,47
18,46
18,45
18,44
18,43
18,42
18,41
17,95
17,94
17,93
17,92
17,91
17,90
17,51
17,50
17,49
17,48
17,47
17,46
17,45
17,44
17,43
16,94
16,93
16,92
16,91
16,90
16,89
16,52
16,51
16,50
16,49
16,48
16,47
16,46
16,45
16,44
15,93
15,92
15,91
15,90
15,89
15,88
15,52
15,51
15,50
15,49
15,48
15,47
15,46
14,92
14,91
14,90
14,89
14,88
14,87
14,51
14,50
13,91
13,90
13,89
13,88
12,90
12,89
